4.00	6.3846154 0.0 13.0
3.00	10.526316 0.0 34.0
19.00	10.0 3.0 19.0
9.00	7.2941175 1.0 16.0
11.00	11.0 11.0 11.0
9.00	7.214286 0.0 12.0
5.00	10.074074 1.0 27.0
7.00	13.388889 2.0 30.0
5.00	4.3333335 0.0 11.0
15.00	12.166667 0.0 24.0
34.00	25.666666 16.0 34.0
15.00	7.5 0.0 15.0
8.00	13.0 1.0 31.0
2.00	4.0 2.0 7.0
16.00	10.0 0.0 27.0
10.00	7.8297873 0.0 37.0
0.00	8.96 0.0 32.0
17.00	11.318182 0.0 29.0
4.00	3.3333333 1.0 5.0
20.00	15.125 6.0 28.0
34.00	28.0 15.0 35.0
6.00	10.4375 1.0 21.0
3.00	8.125 3.0 17.0
11.00	7.68 0.0 21.0
12.00	11.78344 0.0 37.0
9.00	9.458333 0.0 30.0
6.00	6.0 6.0 6.0
3.00	14.4 3.0 23.0
7.00	11.615385 2.0 31.0
2.00	6.826087 0.0 18.0
10.00	9.8 2.0 18.0
8.00	7.25 1.0 10.0
5.00	9.285714 5.0 16.0
2.00	4.0 0.0 12.0
3.00	11.808252 0.0 38.0
16.00	12.904665 0.0 47.0
3.00	12.33307 0.0 60.0
9.00	7.857143 3.0 15.0
3.00	9.574468 0.0 23.0
13.00	9.25 0.0 23.0
3.00	12.787879 0.0 48.0
16.00	11.318182 0.0 22.0
9.00	14.692307 3.0 31.0
7.00	6.78125 0.0 24.0
5.00	16.25 5.0 36.0
7.00	9.272727 2.0 18.0
21.00	11.551021 2.0 23.0
17.00	11.5 6.0 17.0
9.00	5.0 1.0 9.0
7.00	7.2105265 0.0 18.0
0.00	9.779661 0.0 29.0
14.00	8.5625 0.0 28.0
15.00	13.0 7.0 17.0
12.00	12.0 0.0 23.0
7.00	12.6 6.0 26.0
18.00	8.45 0.0 25.0
22.00	11.448979 0.0 47.0
1.00	12.869742 0.0 49.0
3.00	10.075 0.0 29.0
7.00	8.5 4.0 14.0
15.00	15.0 15.0 15.0
13.00	5.034483 0.0 16.0
3.00	8.428572 0.0 25.0
26.00	12.693003 0.0 43.0
4.00	9.523077 0.0 50.0
0.00	13.888889 0.0 21.0
2.00	5.4 2.0 8.0
5.00	14.195327 0.0 69.0
4.00	7.0 0.0 23.0
18.00	11.4 4.0 19.0
5.00	12.183333 0.0 57.0
5.00	7.173077 0.0 34.0
7.00	9.042553 0.0 31.0
12.00	15.6 10.0 28.0
15.00	8.217391 0.0 26.0
9.00	9.166667 0.0 18.0
12.00	12.258706 0.0 38.0
4.00	13.806612 0.0 49.0
16.00	8.466666 2.0 19.0
3.00	12.189259 0.0 44.0
6.00	10.76 0.0 36.0
19.00	11.714286 0.0 19.0
12.00	11.692307 3.0 35.0
13.00	7.625 2.0 17.0
15.00	10.92 0.0 28.0
23.00	11.507042 0.0 37.0
11.00	15.0 11.0 19.0
7.00	8.777778 2.0 20.0
1.00	6.0 1.0 13.0
6.00	8.407408 1.0 18.0
19.00	9.842105 1.0 22.0
19.00	15.125 2.0 32.0
4.00	8.692307 0.0 24.0
12.00	11.258197 0.0 43.0
16.00	10.224138 0.0 39.0
20.00	12.708185 0.0 42.0
9.00	6.0 0.0 14.0
3.00	13.666667 3.0 26.0
20.00	6.8333335 0.0 20.0
21.00	11.519108 0.0 39.0
14.00	11.066667 2.0 20.0
10.00	10.107438 0.0 31.0
15.00	13.333333 11.0 15.0
27.00	27.0 27.0 27.0
5.00	8.333333 0.0 14.0
17.00	11.428572 1.0 28.0
11.00	18.333334 11.0 27.0
3.00	9.32 1.0 46.0
15.00	11.333333 9.0 15.0
13.00	10.88 0.0 32.0
5.00	10.75 3.0 20.0
11.00	11.342105 1.0 29.0
9.00	9.971014 0.0 40.0
7.00	13.625 2.0 22.0
2.00	10.314285 0.0 28.0
4.00	7.8333335 1.0 15.0
12.00	12.0 12.0 12.0
26.00	9.75 0.0 26.0
13.00	8.444445 0.0 25.0
7.00	10.0 0.0 23.0
5.00	5.8 1.0 13.0
13.00	10.361111 0.0 20.0
19.00	11.0 0.0 19.0
2.00	4.5 0.0 9.0
3.00	11.144279 0.0 42.0
1.00	9.75 1.0 23.0
0.00	4.0 0.0 8.0
3.00	12.0 1.0 25.0
4.00	4.0 4.0 4.0
9.00	10.894068 0.0 32.0
5.00	14.967742 1.0 39.0
2.00	8.0 2.0 14.0
10.00	11.25 6.0 16.0
2.00	11.15 0.0 25.0
4.00	13.149878 0.0 47.0
5.00	5.0 0.0 17.0
3.00	10.158537 0.0 32.0
10.00	9.76 0.0 39.0
28.00	11.142858 1.0 28.0
6.00	7.3448277 0.0 21.0
1.00	5.6666665 1.0 13.0
4.00	11.0 0.0 24.0
1.00	8.142858 1.0 12.0
