16.00	14.0 3.0 28.0
14.00	23.0 14.0 36.0
10.00	7.75 2.0 15.0
14.00	11.461538 3.0 27.0
43.00	43.0 43.0 43.0
24.00	10.529411 4.0 24.0
16.00	8.0 1.0 21.0
6.00	8.32258 1.0 27.0
31.00	19.349398 1.0 53.0
20.00	17.333334 13.0 20.0
2.00	13.810101 1.0 55.0
5.00	11.607142 1.0 41.0
2.00	6.818182 2.0 13.0
16.00	14.8 2.0 27.0
17.00	11.467532 1.0 32.0
18.00	8.333333 2.0 18.0
14.00	12.75 1.0 37.0
16.00	10.338983 1.0 34.0
7.00	8.315789 2.0 19.0
16.00	15.0 11.0 17.0
12.00	9.3 3.0 20.0
10.00	11.248848 1.0 45.0
28.00	11.727273 1.0 33.0
7.00	12.130621 1.0 37.0
7.00	8.166667 1.0 17.0
17.00	18.333334 17.0 20.0
8.00	7.6923075 1.0 19.0
14.00	13.333333 9.0 17.0
6.00	8.78125 1.0 21.0
15.00	10.916667 2.0 22.0
4.00	11.837629 1.0 41.0
17.00	14.636364 1.0 23.0
8.00	11.321428 1.0 41.0
27.00	27.0 27.0 27.0
5.00	8.692307 1.0 13.0
9.00	9.545455 3.0 13.0
1.00	12.19663 1.0 42.0
15.00	8.2 3.0 15.0
14.00	14.5 14.0 15.0
7.00	10.875 2.0 25.0
20.00	9.666667 1.0 21.0
24.00	10.297619 1.0 31.0
11.00	5.4 3.0 11.0
8.00	12.564912 1.0 49.0
3.00	10.5348835 1.0 23.0
22.00	11.714286 2.0 22.0
6.00	12.571428 4.0 24.0
10.00	8.363636 1.0 20.0
7.00	9.9375 1.0 26.0
9.00	13.454237 1.0 40.0
12.00	6.5 1.0 12.0
7.00	6.6666665 2.0 11.0
2.00	9.523809 2.0 20.0
16.00	12.272727 1.0 31.0
11.00	7.0 3.0 11.0
1.00	8.0 1.0 14.0
9.00	19.6 9.0 30.0
22.00	15.333333 10.0 22.0
5.00	9.538462 2.0 28.0
11.00	11.0 5.0 17.0
13.00	11.1 1.0 26.0
8.00	8.909091 1.0 21.0
9.00	8.222222 4.0 11.0
13.00	14.120092 1.0 53.0
12.00	10.633333 1.0 22.0
10.00	12.103448 1.0 29.0
12.00	11.133333 1.0 25.0
41.00	18.0 1.0 41.0
12.00	6.2 1.0 12.0
9.00	8.0 7.0 9.0
1.00	9.0 1.0 18.0
6.00	6.5833335 1.0 16.0
11.00	10.12 1.0 19.0
5.00	10.8125 3.0 24.0
9.00	11.96875 1.0 44.0
20.00	19.0 6.0 29.0
11.00	11.6 1.0 21.0
16.00	17.666666 13.0 24.0
2.00	8.805406 1.0 39.0
10.00	10.0 10.0 10.0
7.00	12.685431 1.0 45.0
17.00	11.638889 1.0 30.0
7.00	7.423077 1.0 16.0
24.00	11.0 1.0 24.0
2.00	2.0 2.0 2.0
7.00	10.5 6.0 18.0
20.00	13.666667 2.0 20.0
6.00	10.2672415 1.0 34.0
25.00	22.5 13.0 32.0
8.00	13.875 1.0 22.0
6.00	9.518518 2.0 19.0
4.00	7.6666665 1.0 16.0
11.00	10.278846 1.0 40.0
14.00	9.0 1.0 14.0
6.00	6.0 6.0 6.0
9.00	15.111111 2.0 37.0
23.00	12.333333 3.0 23.0
15.00	14.067729 1.0 58.0
12.00	7.857143 4.0 13.0
1.00	7.3333335 1.0 16.0
15.00	10.904762 2.0 27.0
10.00	8.038462 1.0 22.0
16.00	13.054176 1.0 43.0
11.00	8.181818 1.0 16.0
14.00	10.375 2.0 19.0
30.00	13.0 2.0 30.0
18.00	11.166667 1.0 18.0
12.00	9.818182 2.0 20.0
13.00	12.403361 1.0 47.0
10.00	10.25 3.0 20.0
6.00	7.714286 1.0 19.0
10.00	11.571428 4.0 23.0
10.00	8.0 6.0 10.0
8.00	9.175 1.0 28.0
22.00	14.641577 1.0 47.0
9.00	11.842342 1.0 48.0
11.00	6.4166665 1.0 11.0
9.00	7.3333335 1.0 14.0
6.00	10.582089 1.0 28.0
9.00	9.650602 1.0 29.0
18.00	9.265306 1.0 30.0
3.00	9.869565 1.0 29.0
10.00	10.0 1.0 19.0
13.00	14.443662 1.0 53.0
23.00	13.953587 1.0 55.0
9.00	12.917892 1.0 59.0
9.00	18.5 9.0 30.0
7.00	5.0 1.0 9.0
11.00	9.214286 1.0 20.0
9.00	8.045455 1.0 19.0
3.00	10.333333 2.0 16.0
13.00	11.166667 1.0 23.0
1.00	4.4 1.0 10.0
7.00	6.6 4.0 8.0
14.00	14.555555 6.0 25.0
15.00	12.6 7.0 15.0
2.00	14.973262 1.0 40.0
6.00	12.639785 1.0 56.0
31.00	11.16279 1.0 41.0
1.00	7.939394 1.0 18.0
11.00	10.730769 1.0 26.0
20.00	8.857142 1.0 20.0
7.00	6.6666665 6.0 7.0
18.00	14.090396 1.0 55.0
18.00	16.331152 1.0 62.0
1.00	9.971429 1.0 23.0
6.00	11.902061 1.0 60.0
2.00	12.201612 1.0 34.0
15.00	13.028523 1.0 51.0
5.00	10.900585 1.0 51.0
19.00	10.75 5.0 19.0
4.00	9.142858 4.0 15.0
1.00	9.0 1.0 19.0
12.00	9.5 1.0 17.0
2.00	9.0 2.0 18.0
7.00	10.083333 1.0 17.0
6.00	6.3333335 3.0 10.0
7.00	8.6 1.0 15.0
5.00	5.0 5.0 5.0
9.00	6.6 4.0 10.0
22.00	16.5 11.0 22.0
11.00	8.970589 1.0 22.0
5.00	11.6 2.0 24.0
